0
0
0
48
47
46
46
85
137
202
245
251
263
271
221
191
117
25
-45
-147
-175
-189
-185
-209
-143
-121
-39
37
123
217
253
251
263
271
221
191
117
25
-45
-147
-175
-189
-185
-209
-143
-121
-39
37
123
210
240
274
279
244
224
237
120
-2
-29
-124
-188
-196
-185
-209
-143
-121
-39
37
123
210
240
274
279
251
237
214
104
18
-45
-147
-175
-189
-185
-209
-143
-121
-39
37
123
217
253
251
263
271
221
184
104
41
-42
-144
-143
-179
-169
-209
-159
-131
-71
41
133
178
250
278
247
248
234
198
117
25
-45
-140
-162
-205
-188
-212
-175
-117
-29
-2
120
237
224
244
279
281
253
187
107
57
-55
-151
-143
-179
-169
-216
-172
-108
-55
14
136
224
253
251
263
264
208
214
133
5
-29
-117
-175
-219
-201
-189
-159
-137
-13
21
107
230
224
244
279
281
253
194
120
34
-71
-131
-159
-209
-169
-186
-156
-128
-39
44
136
194
237
264
234
264
237
201
149
21
-55
-101
-159
-239
-185
-159
-158
-164
-18
18
-60
-24
17
-61
-24
17
-61
-24
17
-61
-24
17
-61
-24
17
-61
-24
17
-61
-24
17
-61
-24
17
-61
-24
17
-61
-24
17
-61
-24
17
-61
-24
17
-61
-24
17
-61
-24
17
-61
-24
17
-61
-24
17
-61
-24
17
-61
-24
17
-61
-24
17
-61
-24
17
-61
-24
17
-61
-24
17
-61
-24
17
-61
-24
17
-61
-24
17
-61
-24
17
-61
-24
17
-61
-24
17
-61
-24
17
-61
-24
17
-61
-24
17
-61
-24
17
-61
-24
17
-61
-24
17
-61
-24
17
-61
-24
17
-61
-24
17
-61
-24
17
-61
-24
17
-61
-24
17
-61
-24
17
-61
-24
17
-61
-24
17
-61
-24
17
-61
-24
17
-61
-24
17
-61
-24
17
-61
-24
17
-61
-24
17
-61
-24
17
-61
-24
17
-61
-24
17
-61
-24
17
-61
-24
17
-61
-24
17
-61
-24
17
-61
-24
17
-61
-24
17
-61
-24
17
-61
-24
17
-61
-24
17
-61
-24
17
-61
-24
17
-61
-24
17
-61
-24
17
-61
-24
17
-61
-24
17
-61
-24
17
-61
-24
17
-61
-24
17
-61
-24
17
-61
-24
17
-61
-24
17
-61
-24
17
-61
-24
17
-61
-24
17
-61
-24
17
-61
-24
17
-61
-24
17
-61
-24
17
-61
-24
17
-61
-24
17
-61
-24
17
-61
-24
17
-61
-24
17
-61
-24
17
-61
-24
17
-61
-24
17
-61
-24
17
-61
-24
17
-61
-24
17
-61
-24
17
-61
-24
17
-61
-24
17
-61
-24
17
-61
-24
17
-61
-24
17
-61
-24
17
-61
-24
17
-61
-24
17
-61
-24
17
-61
-24
17
-61
-24
17
-61
-24
17
-61
-24
17
-61
-24
17
-61
-24
17
-61
-24
17
-61
-24
17
-61
-24
17
-61
-24
17
-61
-24
17
-61
-24
17
-61
-24
17
-61
-24
